"" "C" "D" "M" "T"
"1" -2 0.531884746929884 2.72989157618491e-06 0.000220064691178051 0.467892458487362
"2" -1.99 0.532526813660075 2.82200044203054e-06 0.000226291733534104 0.467244072605949
"3" -1.98 0.533166435910087 2.91709145006454e-06 0.000232684614736411 0.466597962383726
"4" -1.97 0.533803610180193 3.01525679584162e-06 0.000239247445529578 0.465954127117481
"5" -1.96 0.534438332952548 3.11659137904471e-06 0.000245984429899347 0.465312566026173
"6" -1.95 0.535070600689534 3.22119287804466e-06 0.000252899866952445 0.464673278250635
"7" -1.94 0.535700409832079 3.32916182636568e-06 0.000259998152828149 0.464036262853266
"8" -1.93 0.536327756797953 3.44060169110059e-06 0.000267283782641938 0.463401518817714
"9" -1.92 0.536952637980045 3.55561895332091e-06 0.000274761352461624 0.46276904504854
"10" -1.91 0.537575049744618 3.67432319052757e-06 0.000282435561316302 0.462138840370875
"11" -1.9 0.538194988429539 3.796827161189e-06 0.000290311213238529 0.461510903530061
"12" -1.89 0.538812450342487 3.92324689141429e-06 0.000298393219340072 0.460885233191282
"13" -1.88 0.53942743175914 4.05370176381007e-06 0.000306686599921616 0.460261827939174
"14" -1.87 0.540039928921339 4.18831460857056e-06 0.0003151964866168 0.459640686277435
"15" -1.86 0.540649938035225 4.32721179685141e-06 0.000323928124570938 0.459021806628407
"16" -1.85 0.541257455269355 4.47052333647867e-06 0.000332886874654805 0.458405187332654
"17" -1.84 0.541862476752795 4.61838297004547e-06 0.000342078215713851 0.457790826648522
"18" -1.83 0.542464998573186 4.77092827544988e-06 0.0003515077468532 0.457178722751686
"19" -1.82 0.543065016774789 4.92830076892822e-06 0.00036118118975881 0.456568873734683
"20" -1.81 0.543662527356503 5.09064601063957e-06 0.000371104391055135 0.455961277606431
"21" -1.8 0.544257526269858 5.25811371285778e-06 0.000381283324699662 0.455355932291729
"22" -1.79 0.544850009416984 5.43085785082879e-06 0.000391724094414669 0.454752835630751
"23" -1.78 0.545439972648553 5.60903677635161e-06 0.000402432936156557 0.454151985378514
"24" -1.77 0.546027411761699 5.79281333414289e-06 0.0004134162206231 0.453553379204343
"25" -1.76 0.546612322497908 5.98235498104583e-06 0.000424680455798968 0.452957014691312
"26" -1.75 0.547194700540882 6.17783390814525e-06 0.000436232289539847 0.45236288933567
"27" -1.74 0.547774541514381 6.37942716585199e-06 0.0004480785121955 0.451771000546258
"28" -1.73 0.548351840980034 6.58731679202053e-06 0.000460226059272112 0.451181345643901
"29" -1.72 0.548926594435126 6.8016899431654e-06 0.000472682014134218 0.450593921860797
"30" -1.71 0.549498797310353 7.02273902884255e-06 0.000485453610746558 0.450008726339872
"31" -1.7 0.550068444967556 7.25066184926351e-06 0.00049854823645617 0.449425756134138
"32" -1.69 0.550635532697428 7.4856617362108e-06 0.000511973434815027 0.448845008206021
"33" -1.68 0.551200055717182 7.72794769732485e-06 0.000525736908443518 0.448266479426677
"34" -1.67 0.551762009168206 7.97773456383341e-06 0.000539846521935083 0.447690166575296
"35" -1.66 0.552321388113679 8.23524314179575e-06 0.000554310304802277 0.447116066338377
"36" -1.65 0.552878187536165 8.50070036693542e-06 0.000569136454464568 0.446544175309004
"37" -1.64 0.553432402335174 8.7743394631362e-06 0.000584333339278106 0.445974489986085
"38" -1.63 0.553984027324696 9.05640010467735e-06 0.000599909501607786 0.445407006773592
"39" -1.62 0.554533057230706 9.34712858228536e-06 0.0006158736609418 0.44484172197977
"40" -1.61 0.555079486688642 9.64677797308104e-06 0.000632234717048984 0.444278631816336
"41" -1.6 0.555623310240848 9.95560831450142e-06 0.000649001753179168 0.443717732397658
"42" -1.59 0.556164522333993 1.02738867822777e-05 0.000666184039306768 0.443159019739918
"43" -1.58 0.556703117316457 1.06018878725518e-05 0.000683791035417842 0.442602489760253
"44" -1.57 0.557239089435687 1.0939893588215e-05 0.000701832394840822 0.442048138275884
"45" -1.56 0.557772432835528 1.12881936295535e-05 0.000720317967621115 0.441495961003221
"46" -1.55 0.558303141553516 1.16470855892877e-05 0.000739257803939761 0.440945953556955
"47" -1.54 0.558831209518143 1.20168751520925e-05 0.000758662157576337 0.440398111449129
"48" -1.53 0.559356630546099 1.23978762986874e-05 0.000778541489416236 0.439852430088186
"49" -1.52 0.55987939833947 1.2790411514587e-05 0.000798906471002517 0.439308904778013
"50" -1.51 0.560399506482918 1.31948120036032e-05 0.00081976798813241 0.438767530716946
"51" -1.5 0.56091694844082 1.36114179061927e-05 0.000841137144498649 0.438228302996775
"52" -1.49 0.561431717554384 1.40405785227428e-05 0.000863025265375687 0.437691216601718
"53" -1.48 0.561943807038726 1.44826525418921e-05 0.000885443901350929 0.437156266407381
"54" -1.47 0.562453209979926 1.4938008273984e-05 0.000908404832101032 0.436623447179699
"55" -1.46 0.562959919332041 1.54070238897484e-05 0.000931920070213334 0.436092753573856
"56" -1.45 0.563463927914095 1.58900876643143e-05 0.00095600186505246 0.435564180133188
"57" -1.44 0.563965228407036 1.63875982266531e-05 0.000980662706672121 0.435037721288066
"58" -1.43 0.564463813350658 1.68999648145541e-05 0.00100591532977211 0.434513371354756
"59" -1.42 0.564959675140496 1.7427607535238e-05 0.00103177271770049 0.433991124534268
"60" -1.41 0.565452806024688 1.79709576317116e-05 0.00105824810650094 0.433470974911179
"61" -1.4 0.565943198100804 1.85304577549705e-05 0.00108535498900515 0.432952916452436
"62" -1.39 0.566430843312643 1.91065622421587e-05 0.00111310711897032 0.432436943006144
"63" -1.38 0.566915733447006 1.96997374007929e-05 0.0011415185152615 0.431923048300332
"64" -1.37 0.567397860130424 2.03104617991617e-05 0.00117060346607874 0.431411225941698
"65" -1.36 0.567877214825869 2.09392265630136e-05 0.00120037653322899 0.430901469414339
"66" -1.35 0.568353788829424 2.15865356786435e-05 0.00123085255644231 0.430393772078455
"67" -1.34 0.568827573266925 2.22529063024952e-05 0.00126204665773256 0.42988812716904
"68" -1.33 0.569298559090573 2.29388690773932e-05 0.00129397424580203 0.429384527794548
"69" -1.32 0.569766737075512 2.36449684555223e-05 0.00132665102048995 0.428882966935543
"70" -1.31 0.570232097816382 2.43717630282719e-05 0.00136009297726458 0.428383437443326
"71" -1.3 0.570694631723831 2.51198258630651e-05 0.00139431641175845 0.427885932038547
"72" -1.29 0.57115432902101 2.58897448472934e-05 0.00142933792434664 0.427390443309796
"73" -1.28 0.571611179740026 2.66821230394776e-05 0.00146517442476758 0.426896963712167
"74" -1.27 0.572065173718369 2.74975790277797e-05 0.00150184313678594 0.426405485565817
"75" -1.26 0.572516300595314 2.83367472959885e-05 0.00153936160289738 0.425916001054492
"76" -1.25 0.572964549808285 2.92002785971046e-05 0.00157774768907451 0.425428502224044
"77" -1.24 0.573409910589194 3.00888403346516e-05 0.00161701958955369 0.424942980980917
"78" -1.23 0.573852371960755 3.1003116951841e-05 0.00165719583166205 0.424459429090631
"79" -1.22 0.574291922732759 3.19438103287182e-05 0.00169829528068428 0.423977838176228
"80" -1.21 0.574728551498331 3.29116401874209e-05 0.0017403371447685 0.423498199716713
"81" -1.2 0.575162246630155 3.39073445056795e-05 0.00178334097987061 0.423020505045468
"82" -1.19 0.575592996276669 3.49316799386908e-05 0.00182732669473646 0.422544745348655
"83" -1.18 0.576020788358238 3.59854222494981e-05 0.00187231455592111 0.422070911663592
"84" -1.17 0.576445610563293 3.70693667480111e-05 0.00191832519284443 0.421598994877114
"85" -1.16 0.576867450344456 3.81843287387984e-05 0.00196537960288223 0.421128985723923
"86" -1.15 0.577286294914625 3.93311439777899e-05 0.00201349915649213 0.420660874784905
"87" -1.14 0.577702131243046 4.05106691380223e-05 0.00206270560237324 0.420194652485443
"88" -1.13 0.57811494605135 4.17237822845664e-05 0.00211302107265872 0.419730309093707
"89" -1.12 0.578524725809577 4.29713833587707e-05 0.00216446808814029 0.419267834718924
"90" -1.11 0.57893145673217 4.42543946719617e-05 0.00221706956352365 0.418807219309634
"91" -1.1 0.579335124773944 4.55737614087371e-05 0.00227084881271371 0.418348452651933
"92" -1.09 0.579735715626042 4.69304521399911e-05 0.00232582955412859 0.417891524367689
"93" -1.08 0.580133214711861 4.83254593458103e-05 0.00238203591604108 0.417436423912752
"94" -1.07 0.580527607182964 4.97597999483816e-05 0.00243949244194655 0.416983140575141
"95" -1.06 0.580918877914969 5.12345158550487e-05 0.00249822409595581 0.41653166347322
"96" -1.05 0.581307011503419 5.27506745116596e-05 0.00255825626821175 0.416081981553858
"97" -1.04 0.581691992259639 5.43093694663426e-05 0.00261961478032832 0.415634083590567
"98" -1.03 0.582073804206568 5.59117209438553e-05 0.0026823258908504 0.415187958181638
"99" -1.02 0.582452431074585 5.75588764306392e-05 0.00274641630073308 0.414743593748251
"100" -1.01 0.582827856297311 5.92520112707276e-05 0.0028119131588388 0.41430097853258
"101" -1 0.583200063007402 6.09923292726412e-05 0.00287884406745068 0.413860100595874
"102" -0.99 0.583569034032332 6.27810633274126e-05 0.00294723708780043 0.413420947816541
"103" -0.98 0.583934751890153 6.46194760378781e-05 0.00301712074560905 0.4129835078882
"104" -0.97 0.584297198785261 6.65088603593762e-05 0.00308852403663854 0.412547768317741
"105" -0.96 0.584656356604142 6.84505402519886e-05 0.00316147643225271 0.412113716423354
"106" -0.95 0.585012206911106 7.04458713444627e-05 0.00323600788498519 0.411681339332564
"107" -0.94 0.585364730944032 7.24962416099514e-05 0.00331214883411256 0.411250623980245
"108" -0.93 0.585713909610087 7.46030720537041e-05 0.00338993021123069 0.410821557106629
"109" -0.92 0.586059723481455 7.67678174128446e-05 0.00346938344583184 0.4103941252553
"110" -0.91 0.586402152791061 7.89919668683686e-05 0.00355054047088069 0.40996831477119
"111" -0.9 0.586741177428289 8.12770447694922e-05 0.00363343372838661 0.409544111798554
"112" -0.89 0.587076776934708 8.36246113704805e-05 0.00371809617497012 0.409121502278951
"113" -0.88 0.587408930499795 8.60362635800885e-05 0.00380456128742086 0.408700471949204
"114" -0.87 0.587737616956664 8.85136357237356e-05 0.00389286306824468 0.408281006339368
"115" -0.86 0.5880628147778 9.10584003185437e-05 0.00398303605119725 0.407863090770684
"116" -0.85 0.588384502070807 9.367226886136e-05 0.00407511530680138 0.40744671035353
"117" -0.84 0.588702656574151 9.63569926298825e-05 0.00416913644784547 0.407031849985374
"118" -0.83 0.589017255652931 9.91143634970132e-05 0.00426513563486002 0.406618494348713
"119" -0.82 0.589328276294649 0.000101946214758545 0.00436314958156952 0.406206627909023
"120" -0.81 0.589635695105009 0.000104854421974306 0.00446321556031649 0.4057962349127
"121" -0.8 0.58993948830372 0.000107840903822863 0.00456537140745468 0.405387299385002
"122" -0.79 0.590239631720328 0.000110907622969896 0.00466965552870818 0.404979805127994
"123" -0.78 0.590536100790065 0.000114056586950344 0.00477610690449329 0.404573735718492
"124" -0.77 0.590828870549725 0.000117289849064426 0.00488476509519948 0.404169074506011
"125" -0.76 0.591117915633564 0.000120609509287637 0.00499567024642643 0.403765804610721
"126" -0.75 0.591403210269231 0.00012401771519479 0.00510886309417311 0.403363908921401
"127" -0.74 0.591684728273727 0.000127516662898234 0.00522438496997565 0.402963370093399
"128" -0.73 0.5919624430494 0.000131108598000289 0.00534227780598999 0.402564170546609
"129" -0.72 0.592236327579978 0.000134795816560001 0.00546258414001562 0.402166292463446
"130" -0.71 0.592506354426636 0.000138580666074298 0.00558534712045646 0.401769717786833
"131" -0.7 0.592772495724111 0.00014246554647359 0.00571061051121468 0.4013744282182
"132" -0.69 0.593034723176855 0.000146452911131914 0.00583841869651367 0.400980405215499
"133" -0.68 0.593293008055242 0.000150545267891644 0.00596881668564553 0.40058762999122
"134" -0.67 0.593547321191819 0.000154745180102856 0.00610185011763905 0.400196083510439
"135" -0.66 0.593797632977616 0.000159055267677373 0.00623756526584357 0.399805746488864
"136" -0.65 0.594043913358506 0.000163478208157539 0.00637600904242433 0.399416599390912
"137" -0.64 0.594286131831637 0.00016801673779975 0.0065172290027645 0.399028622427799
"138" -0.63 0.594524257441906 0.000172673652672787 0.00666127334976929 0.398641795555652
"139" -0.62 0.594758258778524 0.000177451809770951 0.00680819093806725 0.398256098473638
"140" -0.61 0.594988103971628 0.000182354128142027 0.00695803127810375 0.397871510622126
"141" -0.6 0.595213760688985 0.000187383590030077 0.00711084454012169 0.397488011180864
"142" -0.59 0.595435196132755 0.000192543242033065 0.00726668155802415 0.397105579067188
"143" -0.58 0.59565237703635 0.000197836196275297 0.00742559383311389 0.39672419293426
"144" -0.57 0.595865269661368 0.000203265631594665 0.0075876335377041 0.396343831169334
"145" -0.56 0.596073839794611 0.000208834794744656 0.00775285351859512 0.395964471892049
"146" -0.55 0.596278052745208 0.0002145470016111 0.00792130730041138 0.395586092952769
"147" -0.54 0.59647787334182 0.000220405638443608 0.00809304908879309 0.395208671930943
"148" -0.53 0.59667326592995 0.000226414163101634 0.00826813377343652 0.394832186133512
"149" -0.52 0.596864194369357 0.000232576106315106 0.0084466169309774 0.39445661259335
"150" -0.51 0.597050622031576 0.000238895072959546 0.00862855482771101 0.394081928067754
"151" -0.5 0.59723251179755 0.000245374743345579 0.00881400442214318 0.393708109036961
"152" -0.49 0.597409826055378 0.000252018874522755 0.00900302336736578 0.393335131702733
"153" -0.48 0.597582526698186 0.000258831301597543 0.00919567001325039 0.392962971986966
"154" -0.47 0.597750575122116 0.000265815939065404 0.00939200340845379 0.392591605530365
"155" -0.46 0.597913932224454 0.00027297678215678 0.00959208330222873 0.392221007691161
"156" -0.45 0.598072558401884 0.000280317908196869 0.0097959701460332 0.391851153543886
"157" -0.44 0.598226413548884 0.00028784347797902 0.0100037250949317 0.391482017878205
"158" -0.43 0.598375457056267 0.000295557737151567 0.0102154100087816 0.3911135751978
"159" -0.42 0.598519647809865 0.000303465017617921 0.0104310874531971 0.39074579971932
"160" -0.41 0.598658944189372 0.00031156973894971 0.0106508207002853 0.390378665371393
"161" -0.4 0.598793304067343 0.000319876409812756 0.010874673729145 0.390012145793699
"162" -0.39 0.598922684808353 0.000328389629405647 0.0111027112261229 0.389646214336119
"163" -0.38 0.599047043268328 0.000337114088910668 0.0113349985848195 0.389280844057942
"164" -0.37 0.599166335794048 0.000346054572956813 0.0115716019058362 0.388916007727159
"165" -0.36 0.599280518222831 0.000355215961094609 0.0118125879962575 0.388551677819817
"166" -0.35 0.599389545882392 0.000364603229282445 0.0120580243688601 0.388187826519465
"167" -0.34 0.599493373590905 0.000374221451384103 0.0123079792410411 0.387824425716669
"168" -0.33 0.599591955657249 0.000384075800677149 0.0125625215334582 0.387461447008616
"169" -0.32 0.599685245881453 0.00039417155137184 0.0128217208683728 0.387098861698802
"170" -0.31 0.59977319755536 0.000404514080140179 0.0130856475676906 0.386736640796809
"171" -0.3 0.599855763463485 0.00041510886765473 0.0133543726506882 0.386374755018172
"172" -0.29 0.5999328958841 0.000425961500136788 0.0136279678314212 0.386013174784342
"173" -0.28 0.60000454659054 0.000437077670913485 0.0139065055158034 0.385651870222743
"174" -0.27 0.600070666852737 0.000448463181983376 0.0141900587983504 0.38529081116693
"175" -0.26 0.600131207438982 0.000460123945590049 0.0144787014585777 0.384929967156851
"176" -0.25 0.600186118617937 0.000472065985803278 0.0147725079570476 0.384569307439212
"177" -0.24 0.600235350160885 0.000484295440107195 0.0150715534310542 0.384208800967953
"178" -0.23 0.600278851344235 0.000496818560994978 0.0153759136899394 0.38384841640483
"179" -0.22 0.600316570952279 0.000509641717569482 0.0156856652100315 0.38348812212012
"180" -0.21 0.600348457280219 0.000522771397149264 0.0160008851291982 0.383127886193433
"181" -0.2 0.60037445813746 0.000536214206879389 0.0163216512410048 0.382767676414656
"182" -0.19 0.600394520851175 0.000549976875346411 0.01664804198847 0.382407460285008
"183" -0.18 0.600408592270158 0.000564066254196898 0.0169801364574108 0.382047205018234
"184" -0.17 0.600416618768956 0.000578489319758814 0.0173180143693676 0.381686877541917
"185" -0.16 0.600418546252302 0.000593253174665099 0.017661756074102 0.381326444498931
"186" -0.15 0.600414320159837 0.000608365049478721 0.0180114425416577 0.380965872249027
"187" -0.14 0.600403885471148 0.000623832304318467 0.0183671553539776 0.380605126870556
"188" -0.13 0.600387186711108 0.000639662430484719 0.0187289766960669 0.38024417416234
"189" -0.12 0.60036416795554 0.000655863052084434 0.0190969893466966 0.379882979645679
"190" -0.11 0.600334772837193 0.000672441927654504 0.0194712766686357 0.379521508566517
"191" -0.0999999999999999 0.600298944552061 0.000689406951782686 0.0198519225984072 0.379159725897749
"192" -0.0899999999999999 0.600256625866023 0.000706766156725217 0.0202390116355579 0.378797596341694
"193" -0.0800000000000001 0.600207759121833 0.000724527714020253 0.0206326288314335 0.378435084332714
"194" -0.0700000000000001 0.600152286246447 0.000742699936096207 0.0210328597774538 0.378072154040003
"195" -0.0600000000000001 0.600090148758714 0.000761291277874051 0.021439790592876 0.377708769370536
"196" -0.05 0.600021287777408 0.000780310338362625 0.0218535079120422 0.377344893972187
"197" -0.04 0.59994564402964 0.000799765862245965 0.0222740988711008 0.376980491237013
"198" -0.03 0.599863157859624 0.000819666741461625 0.0227016510941955 0.376615524304719
"199" -0.02 0.599773769237826 0.000840022016768968 0.0231362526791143 0.37624995606629
"200" -0.01 0.599677417770489 0.000860840879306341 0.0235779921823911 0.375883749167814
"201" 0 0.599574042709539 0.000882132672136062 0.0240269586038521 0.375516866014472
"202" 0.0100000000000002 0.599463582962891 0.000903906891776078 0.0244832413706018 0.375149268774731
"203" 0.02 0.599345977105135 0.000926173189717164 0.0249469303204402 0.374780919384708
"204" 0.0300000000000002 0.599221163388631 0.00094894137392449 0.0254181156847049 0.374411779552739
"205" 0.04 0.599089079755008 0.000972221410322341 0.0258968880705326 0.374041810764137
"206" 0.0499999999999998 0.598949663847067 0.000996023424260798 0.026383338442533 0.373670974286139
"207" 0.0600000000000001 0.598802853021101 0.00102035770196311 0.0268775581038697 0.373299231173066
"208" 0.0699999999999998 0.598648584359628 0.00104523469195247 0.0273796386767414 0.372926542271679
"209" 0.0800000000000001 0.598486794684552 0.00107066500645694 0.0278896720822598 0.372552868226731
"210" 0.0899999999999999 0.598317420570746 0.00109665942279119 0.0284077505197172 0.372178169486746
"211" 0.1 0.598140398360061 0.00112322888471362 0.0289339664452403 0.371802406309985
"212" 0.11 0.597955664175776 0.00115038450375764 0.0294684125498246 0.371425538770642
"213" 0.12 0.597763153937472 0.00117813756053561 0.030011181736746 0.371047526765246
"214" 0.13 0.597562803376362 0.00120649950601402 0.0305623670983451 0.370668330019279
"215" 0.14 0.597354548051045 0.00123548196275857 0.0311220618921812 0.370287908094015
"216" 0.15 0.59713832336372 0.00126509672614753 0.0316903595165517 0.369906220393581
"217" 0.16 0.596914064576835 0.00129535576555207 0.0322673534853758 0.369523226172237
"218" 0.17 0.596681706830199 0.00132627122548189 0.0328531374024383 0.369138884541881
"219" 0.18 0.596441185158529 0.0013578554266948 0.0334478049349925 0.368753154479784
"220" 0.19 0.596192434509463 0.00139012086726853 0.0340514497867201 0.368365994836548
"221" 0.2 0.595935389762025 0.00142308022363337 0.0346641656700474 0.367977364344294
"222" 0.21 0.595669985745537 0.00145674635156392 0.0352860462778167 0.367587221625083
"223" 0.22 0.595396157258995 0.0014911322871285 0.0359171852543123 0.367195525199564
"224" 0.23 0.595113839090901 0.00152625124759447 0.0365576761656423 0.366802233495862
"225" 0.24 0.594822966039547 0.00156211663228797 0.037207612469476 0.366407304858689
"226" 0.25 0.594523472933757 0.00159874202340633 0.0378670874841381 0.366010697558699
"227" 0.26 0.594215294654083 0.00163614118678156 0.0385361943570629 0.365612369802073
"228" 0.27 0.59389836615446 0.00167432807259328 0.0392150260326084 0.365212279740339
"229" 0.28 0.593572622484305 0.00171331681602937 0.0399036752192354 0.36481038548043
"230" 0.29 0.593237998811078 0.00175312173789267 0.0406022343560536 0.364406645094976
"231" 0.3 0.592894430443278 0.00179375734515214 0.0413107955787395 0.36400101663283
"232" 0.31 0.5925418528539 0.0018352383314366 0.0420294506848305 0.363593458129833
"233" 0.32 0.59218020170432 0.00187757957746961 0.0427582910984001 0.36318392761981
"234" 0.33 0.591809412868633 0.00192079615144355 0.0434974078341207 0.362772383145802
"235" 0.34 0.591429422458418 0.00196490330933135 0.04424689146072 0.362358782771531
"236" 0.35 0.591040166847932 0.00200991649513419 0.0450068320638389 0.361943084593095
"237" 0.36 0.590641582699742 0.00205585134106337 0.0457773192082975 0.361525246750897
"238" 0.37 0.590233606990763 0.00210272366765474 0.0465584418997795 0.361105227441803
"239" 0.38 0.589816177038723 0.002150549483814 0.0473502885459424 0.360682984931521
"240" 0.39 0.589389230529028 0.00219934498679125 0.0481529469169653 0.360258477567215
"241" 0.4 0.588952705542036 0.00224912656208295 0.0489665041055431 0.359831663790338
"242" 0.41 0.588506540580719 0.00229991078325988 0.0497910464863406 0.359402502149681
"243" 0.42 0.588050674598716 0.00235171441171931 0.0506266596749164 0.358970951314649
"244" 0.43 0.587585047028762 0.00240455439635979 0.0514734284861323 0.358536970088746
"245" 0.44 0.58710959781149 0.00245844787317698 0.0523314368920579 0.358100517423275
"246" 0.45 0.586624267424588 0.00251341216477898 0.0532007679793906 0.357661552431242
"247" 0.46 0.586128996912307 0.0025694647798195 0.0540815039063994 0.357220034401474
"248" 0.47 0.585623727915314 0.00262662341234742 0.054973725859415 0.356775922812924
"249" 0.48 0.585108402700863 0.00268490594107128 0.0558775140088782 0.356329177349188
"250" 0.49 0.584582964193295 0.00274433042853711 0.0567929474649672 0.355879757913201
"251" 0.5 0.584047356004833 0.0028049151202182 0.0577201042328206 0.355427624642128
"252" 0.51 0.583501522466672 0.00286667844351555 0.0586590611673763 0.354972737922436
"253" 0.52 0.582945408660348 0.00292963900666739 0.0596098939278458 0.354515058405138
"254" 0.53 0.582378960449373 0.00299381559756662 0.0605726769318449 0.354054547021215
"255" 0.54 0.581802124511114 0.00305922718248486 0.0615474833092025 0.353591164997199
"256" 0.55 0.581214848368915 0.00312589290470181 0.0625343848554702 0.353124873870913
"257" 0.56 0.580617080424433 0.00319383208303883 0.0635334519851554 0.352655635507373
"258" 0.57 0.580008769990178 0.00326306421029545 0.0645447536847034 0.352183412114823
"259" 0.58 0.579389867322244 0.00333360895158794 0.0655683574652507 0.351708166260918
"260" 0.59 0.578760323653199 0.00340548614258863 0.0666043293151787 0.351229860889034
"261" 0.6 0.578120091225139 0.00347871578766538 0.0676527336524912 0.350748459334704
"262" 0.61 0.577469123322867 0.00355331805791984 0.0687136332770453 0.350263925342167
"263" 0.62 0.576807374307187 0.00362931328912409 0.069787089322662 0.349776223081027
"264" 0.63 0.576134799648291 0.00370672197955453 0.0708731612091462 0.349285317163009
"265" 0.64 0.575451355959226 0.00378556478772255 0.0719719065942466 0.348791172658805
"266" 0.65 0.57475700102941 0.00386586253000122 0.0730833813255825 0.348293755115006
"267" 0.66 0.574051693858181 0.00394763617814743 0.0742076393925737 0.347793030571098
"268" 0.67 0.573335394688357 0.00403090685671905 0.0753447328783996 0.347288965576524
"269" 0.68 0.572608065039789 0.00411569584038669 0.0764947119120248 0.3467815272078
"270" 0.69 0.571869667742872 0.00420202455113963 0.0776576246203211 0.346270683085667
"271" 0.7 0.57112016697201 0.00428991455538584 0.0788335170803209 0.345756401392283
"272" 0.71 0.570359528278989 0.0043793875609458 0.0800224332716365 0.345238650888429
"273" 0.72 0.569587718626254 0.00447046541394008 0.0812244150290805 0.344717400930725
"274" 0.73 0.568804706420059 0.00456317009557074 0.0824395019955211 0.344192621488849
"275" 0.74 0.56801046154345 0.00465752371879663 0.0836677315750115 0.343664283162741
"276" 0.75 0.56720495538909 0.00475354852490277 0.084909138886227 0.343132357199781
"277" 0.76 0.566388160891856 0.00485126687996419 0.0861637567162497 0.34259681551193
"278" 0.77 0.56556005256123 0.00495070127120457 0.0874316154747354 0.34205763069283
"279" 0.78 0.564720606513412 0.00505187430325016 0.0887127431485045 0.341514776034834
"280" 0.79 0.563869800503165 0.00515480869427972 0.0900071652565916 0.340968225545964
"281" 0.8 0.563007613955344 0.00525952727207102 0.0913149048057957 0.34041795396679
"282" 0.81 0.562134027996085 0.00536605296994482 0.0926359822467679 0.339863936787202
"283" 0.82 0.561249025483638 0.00547440882260725 0.0939704154306782 0.339306150263077
"284" 0.83 0.560352591038799 0.00558461796189157 0.095318219566499 0.338744571432811
"285" 0.84 0.559444711074929 0.00569670361240051 0.0966794071789468 0.338179178133723
"286" 0.85 0.558525373827523 0.00581068908705038 0.0980539880671218 0.337609949018304
"287" 0.86 0.557594569383303 0.00592659778251839 0.099441969263885 0.337036863570294
"288" 0.87 0.556652289708804 0.00604445317459456 0.100843354996014 0.336459902120587
"289" 0.88 0.55569852867844 0.00616427881343995 0.102258146645178 0.335879045862942
"290" 0.89 0.554733282101995 0.00628609831875267 0.103686342709772 0.335294276869481
"291" 0.9 0.553756547751535 0.00640993537484383 0.105127938767646 0.334705578105975
"292" 0.91 0.552768325387703 0.006535813725625 0.106582927439783 0.334112933446888
"293" 0.92 0.551768616785366 0.00666375716950948 0.108051298354949 0.333516327690175
"294" 0.93 0.550757425758592 0.00679378955422944 0.109533038115364 0.332915746571815
"295" 0.94 0.549734758184927 0.00692593477157113 0.111028130263431 0.332311176780071
"296" 0.95 0.548700622028945 0.00706021675203076 0.112536555249571 0.331702605969453
"297" 0.96 0.547655027365039 0.00719665945939321 0.114058290401183 0.331090022774385
"298" 0.97 0.546597986399432 0.00733528688523657 0.115593309892791 0.33047341682254
"299" 0.98 0.545529513491384 0.00747612304336483 0.117141584717396 0.329852778747855
"300" 0.99 0.54444962517355 0.00761919196417188 0.118703082659086 0.329228100203192
"301" 1 0.543358340171489 0.0077645176889395 0.12027776826693 0.328599373872641
"302" 1.01 0.54225567942228 0.00791212426407256 0.121865602830197 0.32796659348345
"303" 1.02 0.541141666092221 0.00806203573527439 0.123466544354939 0.327329753817565
"304" 1.03 0.540016325593598 0.0082142761416658 0.125080547541962 0.326688850722774
"305" 1.04 0.538879685600484 0.00836886950985074 0.126707563766233 0.326043881123433
"306" 1.05 0.537731776063555 0.00852583984793252 0.128347541057744 0.325394843030768
"307" 1.06 0.5365726292239 0.00868521113948354 0.130000424083876 0.32474173555274
"308" 1.07 0.535402279625791 0.00884700733747277 0.131666154133282 0.324084558903454
"309" 1.08 0.534220764128406 0.00901125235815409 0.133344669101332 0.323423314412109
"310" 1.09 0.533028121916472 0.00917797007491978 0.135035903477139 0.322758004531469
"311" 1.1 0.531824394509818 0.00934718431212281 0.136739788332206 0.322088632845853
"312" 1.11 0.530609625771806 0.00951891883887176 0.138456251310705 0.321415204078618
"313" 1.12 0.529383861916632 0.00969319736280275 0.140185216621426 0.320737724099139
"314" 1.13 0.528147151515477 0.00987004352383218 0.141926605031418 0.320056199929273
"315" 1.14 0.526899545501479 0.0100494808878946 0.143680333861347 0.31937063974928
"316" 1.15 0.525641097173533 0.0102315329406697 0.145446316982578 0.31868105290322
"317" 1.16 0.524371862198878 0.0104162230813034 0.147224464816028 0.31798744990379
"318" 1.17 0.523091898614478 0.0106035746161263 0.149014684332787 0.317289842436608
"319" 1.18 0.521801266827168 0.0107936107523746 0.15081687905653 0.316588243363927
"320" 1.19 0.520500029612562 0.0109863545919185 0.152630949067741 0.315882666727778
"321" 1.2 0.519188252112713 0.0111818291250004 0.15445679100976 0.315173127752527
"322" 1.21 0.517866001832502 0.0113800572239905 0.156294298096664 0.314459642846844
"323" 1.22 0.516533348634765 0.0115810616371614 0.158143360122995 0.313742229605079
"324" 1.23 0.515190364734138 0.0117848649824882 0.160003863475347 0.313020906808027
"325" 1.24 0.513837124689617 0.0119914897414778 0.161875691145813 0.312295694423093
"326" 1.25 0.512473705395825 0.0122009582530325 0.163758722747301 0.311566613603841
"327" 1.26 0.511100186072989 0.0124132927073515 0.165652834530733 0.310833686688926
"328" 1.27 0.509716648255613 0.0126285151398765 0.167557899404109 0.310096937200402
"329" 1.28 0.508323175779859 0.0128466474252844 0.169473786953453 0.309356389841404
"330" 1.29 0.506919854769618 0.0130677112715328 0.171400363465638 0.308612070493211
"331" 1.3 0.505506773621292 0.0132917282139619 0.173337491953079 0.307864006211666
"332" 1.31 0.504084022987271 0.0135187196094585 0.175285032180296 0.307112225222974
"333" 1.32 0.502651695758118 0.0137487066306856 0.177242840692337 0.306356756918859
"334" 1.33 0.501209887043465 0.0139817102603827 0.179210770845054 0.305597631851098
"335" 1.34 0.499758694151628 0.0142177512857401 0.18118867283722 0.304834881725411
"336" 1.35 0.498298216567939 0.0144568502928543 0.183176393744481 0.304068539394725
"337" 1.36 0.496828555931817 0.0146990276612648 0.185173777555112 0.303298638851806
"338" 1.37 0.495349816012578 0.0149443035585807 0.187180665207582 0.30252521522126
"339" 1.38 0.493862102683996 0.015192697935198 0.189196894629895 0.301748304750912
"340" 1.39 0.492365523897635 0.0154442305191141 0.191222300780694 0.300967944802556
"341" 1.4 0.490860189654957 0.015698920810842 0.193256715692106 0.300184173842095
"342" 1.41 0.489346211978221 0.0159567880784293 0.195299968514295 0.299397031429054
"343" 1.42 0.4878237048802 0.0162178513525845 0.197351885561716 0.298606558205499
"344" 1.43 0.486292784332718 0.0164821294219168 0.199412290361026 0.297812795884339
"345" 1.44 0.484753568234042 0.0167496408282899 0.201481003700628 0.29701578723704
"346" 1.45 0.483206176375134 0.0170204038622965 0.203557843681825 0.296215576080745
"347" 1.46 0.48165073040479 0.0172944365588546 0.205642625771541 0.295412207264814
"348" 1.47 0.480087353793699 0.0175717566929308 0.207735162856577 0.294605726656793
"349" 1.48 0.478516171797423 0.0178523817753926 0.209835265299379 0.293796181127805
"350" 1.49 0.476937311418344 0.0181363290489933 0.211942740995256 0.292983618537407
"351" 1.5 0.475350901366589 0.0184236154844926 0.214057395431038 0.29216808771788
"352" 1.51 0.473757072019973 0.0187142577769159 0.216179031745111 0.291349638458
"353" 1.52 0.472155955382971 0.0190082723419548 0.218307450788798 0.290528321486276
"354" 1.53 0.470547685044765 0.0193056753125109 0.220442451189043 0.289704188453681
"355" 1.54 0.468932396136387 0.0196064825353868 0.222583829412348 0.288877291915879
"356" 1.55 0.467310225286982 0.0199107095681255 0.224731379829922 0.28804768531497
"357" 1.56 0.465681310579243 0.0202183716760002 0.226884894783999 0.287215422960758
"358" 1.57 0.464045791504026 0.0205294838291573 0.22904416465526 0.286380560011556
"359" 1.58 0.462403808914199 0.0208440606999145 0.231208977931332 0.285543152454554
"360" 1.59 0.460755504977744 0.0211621166602147 0.233379121276298 0.284703257085744
"361" 1.6 0.459101023130155 0.021483665779238 0.235554379601171 0.283860931489437
"362" 1.61 0.457440508026167 0.0218087218211739 0.237734536135282 0.283016234017377
"363" 1.62 0.455774105490849 0.0221372982431526 0.23991937249853 0.282169223767468
"364" 1.63 0.454101962470099 0.0224694081933397 0.242108668774427 0.281319960562134
"365" 1.64 0.452424226980578 0.022805064509192 0.244302203583906 0.280468504926324
"366" 1.65 0.450741048059122 0.0231442797158776 0.246499754159815 0.279614918065185
"367" 1.66 0.44905257571167 0.0234870660248594 0.248701096422056 0.278759261841414
"368" 1.67 0.447358960861747 0.0238334353326427 0.250906005053302 0.277901598752308
"369" 1.68 0.445660355298535 0.0241833992196882 0.253114253575243 0.277041991906534
"370" 1.69 0.443956911624581 0.0245369689494881 0.255325614425301 0.276180505000629
"371" 1.7 0.442248783203176 0.0248941554678079 0.257539859033757 0.275317202295259
"372" 1.71 0.440536124105443 0.0252549694020918 0.259756757901225 0.27445214859124
"373" 1.72 0.438819089057181 0.0256194210610319 0.26197608067643 0.273585409205357
"374" 1.73 0.437097833385494 0.0259875204343005 0.264197596234219 0.272717049945987
"375" 1.74 0.435372512965255 0.0263592771924447 0.266421072753753 0.271847137088547
"376" 1.75 0.433643284165443 0.0267347006869425 0.268646277796822 0.270975737350792
"377" 1.76 0.431910303795387 0.0271137999504196 0.270872978386219 0.270102917867974
"378" 1.77 0.430173729050964 0.027496583697024 0.273100941084127 0.269228746167885
"379" 1.78 0.428433717460785 0.0278830603229602 0.275329932070453 0.268353290145802
"380" 1.79 0.426690426832415 0.0282732379071777 0.277559717221052 0.267476618039355
"381" 1.8 0.424944015198659 0.0286671242122151 0.279790062185791 0.266598798403335
"382" 1.81 0.423194640763959 0.0290647266851959 0.28202073246639 0.265719900084455
"383" 1.82 0.421442461850936 0.0294660524589762 0.28425149349399 0.264839992196098
"384" 1.83 0.419687636847116 0.0298711083534389 0.286482110706389 0.263959144093057
"385" 1.84 0.417930324151885 0.0302799008769359 0.288712349624896 0.263077425346283
"386" 1.85 0.416170682123698 0.030692436227873 0.290941975930747 0.262194905717682
"387" 1.86 0.414408869027586 0.0311087202964363 0.293170755541028 0.26131165513495
"388" 1.87 0.412645042982999 0.0315287586664573 0.295398454684065 0.260427743666479
"389" 1.88 0.410879361912015 0.0319525566174136 0.29762483997421 0.259543241496361
"390" 1.89 0.409111983487957 0.032380119126563 0.299849678485997 0.258658218899483
"391" 1.9 0.40734306508444 0.0328114508712064 0.302072737827599 0.257772746216754
"392" 1.91 0.405572763724898 0.033246556231079 0.304293786213553 0.25688689383047
"393" 1.92 0.403801236032613 0.0336854392908638 0.306512592536694 0.256000732139829
"394" 1.93 0.402028638181275 0.0341281038428266 0.308728926439269 0.255114331536629
"395" 1.94 0.400255125846119 0.0345745533895665 0.310942558383167 0.254227762381147
"396" 1.95 0.398480854155653 0.035024791146881 0.31315325971924 0.253341094978227
"397" 1.96 0.396705977644014 0.0354788200467408 0.315360802755661 0.252454399553584
"398" 1.97 0.394930650203987 0.0359366427403698 0.317564960825292 0.251567746230351
"399" 1.98 0.393155025040696 0.0363982616014294 0.319765508352005 0.25068120500587
"400" 1.99 0.391379254626017 0.0368636787292996 0.321962220915936 0.249794845728747
"401" 2 0.389603490653722 0.0373328959524568 0.324154875317629 0.248908738076192
"402" 2.01 0.38782788399538 0.0378059148319412 0.326343249641034 0.248022951531645
"403" 2.02 0.386052584657054 0.0382827366649122 0.328527123315326 0.247137555362708
"404" 2.03 0.384277741736793 0.0387633624882866 0.330706277175521 0.246252618599399
"405" 2.04 0.382503503382963 0.0392477930824561 0.332880493521849 0.245368210012731
"406" 2.05 0.380730016753422 0.0397360289750794 0.335049556177862 0.244484398093637
"407" 2.06 0.378957427975565 0.0402280704449459 0.337213250547247 0.243601251032242
"408" 2.07 0.377185882107264 0.0407239175259058 0.339371363669324 0.242718836697506
"409" 2.08 0.375415523098702 0.0412235700108634 0.341523684273197 0.241837222617238
"410" 2.09 0.373646493755137 0.0417270274558285 0.343670002830543 0.240956475958491
"411" 2.1 0.371878935700606 0.0422342891840233 0.345810111607017 0.240076663508354
"412" 2.11 0.370112989342565 0.0427453542900384 0.347943804712247 0.23919785165515
"413" 2.12 0.368348793837516 0.043260221644036 0.350070878148417 0.23832010637003
"414" 2.13 0.366586487057591 0.0437788898959948 0.352191129857409 0.237443493189005
"415" 2.14 0.364826205558132 0.0443013574799938 0.354304359766487 0.236568077195387
"416" 2.15 0.363068084546272 0.0448276226185284 0.356410369832529 0.235693923002671
"417" 2.16 0.361312257850513 0.0453576833268578 0.358508964084773 0.234821094737856
"418" 2.17 0.359558857891328 0.045891537417378 0.360599948666089 0.233949656025205
"419" 2.18 0.357808015652774 0.0464291825040161 0.362683131872748 0.233079669970461
"420" 2.19 0.35605986065514 0.0469706160066427 0.364758324192701 0.232211199145517
"421" 2.2 0.354314520928618 0.0475158351554985 0.366825338342343 0.23134430557354
"422" 2.21 0.352572122988019 0.048064836995631 0.368883989301785 0.230479050714564
"423" 2.22 0.350832791808516 0.0486176183913363 0.3709340943486 0.229615495451548
"424" 2.23 0.349096650802429 0.0491741760306051 0.372975473090065 0.228753700076901
"425" 2.24 0.347363821797055 0.0497345064295655 0.375007947493899 0.227893724279481
"426" 2.25 0.345634425013529 0.0502986059369224 0.377031341917482 0.227035627132067
"427" 2.26 0.343908579046729 0.0508664707383868 0.379045483135576 0.226179467079308
"428" 2.27 0.342186400846214 0.0514380968610944 0.381050200366548 0.225325301926144
"429" 2.28 0.340468005698196 0.0520134801780065 0.38304532529709 0.224473188826707
"430" 2.29 0.33875350720854 0.0525926164122945 0.385030692105464 0.223623184273702
"431" 2.3 0.337043017286788 0.0531755011416992 0.387006137483259 0.222775344088254
"432" 2.31 0.335336646131204 0.0537621298028662 0.388971500655683 0.221929723410246
"433" 2.32 0.333634502214827 0.0543524976956514 0.390926623400402 0.22108637668912
"434" 2.33 0.331936692272531 0.054946599987395 0.392871350064919 0.220245357675155
"435" 2.34 0.330243321289085 0.05554443171716 0.394805527582536 0.219406719411219
"436" 2.35 0.328554492488193 0.0561459877999329 0.396729005486886 0.218570514224988
"437" 2.36 0.326870307322524 0.0567512630307833 0.398641635925063 0.21773679372163
"438" 2.37 0.325190865464702 0.0573602520889799 0.400543273669362 0.216905608776956
"439" 2.38 0.323516264799254 0.0579729495420596 0.402433776127655 0.216077009531031
"440" 2.39 0.321846601415514 0.0585893498498489 0.4043130033524 0.215251045382237
"441" 2.4 0.320181969601451 0.0592094473684314 0.406180818048323 0.214427764981794
"442" 2.41 0.318522461838427 0.059833236354064 0.408037085578783 0.213607216228726
"443" 2.42 0.316868168796857 0.0604607109670343 0.409881673970837 0.212789446265271
"444" 2.43 0.315219179332773 0.0610918652754613 0.411714453919034 0.211974501472731
"445" 2.44 0.313575580485263 0.0617266932590339 0.413535298787948 0.211162427467754
"446" 2.45 0.311937457474781 0.0623651888126872 0.415344084613487 0.210353269099045
"447" 2.46 0.310304893702303 0.0630073457502143 0.417140690102985 0.209547070444498
"448" 2.47 0.30867797074933 0.0636531578078105 0.418924996634115 0.208743874808745
"449" 2.48 0.307056768378702 0.0643026186475495 0.420696888252633 0.207943724721116
"450" 2.49 0.305441364536223 0.064955721860789 0.422456251668985 0.207146661934003
"451" 2.5 0.303831835353068 0.0656124609715054 0.424202976253807 0.20635272742162
"452" 2.51 0.302228255148971 0.0662728294395534 0.425936954032326 0.20556196137915
"453" 2.52 0.300630696436156 0.0669368206638524 0.427658079677707 0.204774403222284
"454" 2.53 0.299039229924018 0.0676044279854958 0.429366250503354 0.203990091587132
"455" 2.54 0.29745392452451 0.0682756446907833 0.431061366454209 0.203209064330498
"456" 2.55 0.295874847358243 0.0689504640141738 0.432743330097059 0.202431358530525
"457" 2.56 0.294302063761264 0.06962887914116 0.434412046609885 0.20165701048769
"458" 2.57 0.292735637292505 0.0703108832110606 0.436067423770288 0.200886055726146
"459" 2.58 0.291175629741872 0.0709964693197322 0.437709371942993 0.200118528995403
"460" 2.59 0.28962210113897 0.0716856305221982 0.439337804066495 0.199354464272337
"461" 2.6 0.288075109762438 0.0723783598351943 0.440952635638838 0.19859389476353
"462" 2.61 0.286534712149877 0.0730746502396303 0.442553784702579 0.197836852907913
"463" 2.62 0.285000963108349 0.0737744946829677 0.444141171828955 0.197083370379728
"464" 2.63 0.283473915725432 0.0744778860815118 0.445714720101276 0.19633347809178
"465" 2.64 0.28195362138082 0.0751848173226186 0.447274355097581 0.19558720619898
"466" 2.65 0.280440129758429 0.0758952812668159 0.448820004872576 0.194844584102179
"467" 2.66 0.278933488859013 0.0766092707498381 0.450351599938885 0.194105640452264
"468" 2.67 0.27743374501326 0.0773267785845748 0.451869073247639 0.193370403154527
"469" 2.68 0.275940942895344 0.0780477975629335 0.453372360168431 0.192638899373291
"470" 2.69 0.274455125536935 0.0787723204576143 0.454861398468667 0.191911155536783
"471" 2.7 0.272976334341624 0.0795003400237995 0.456336128292325 0.191187197342251
"472" 2.71 0.271504609099766 0.0802318490007557 0.45779649213817 0.190467049761308
"473" 2.72 0.270039988003704 0.0809668401133503 0.459242434837436 0.189750737045509
"474" 2.73 0.268582507663381 0.0817053060734807 0.460673903531002 0.189038282732137
"475" 2.74 0.26713220312229 0.0824472395814182 0.462090847646092 0.1883297096502
"476" 2.75 0.26568910787378 0.0831926333270664 0.463493218872523 0.187625039926631
"477" 2.76 0.264253253877667 0.083941479991133 0.464880971138525 0.186924294992675
"478" 2.77 0.262824671577164 0.0846937722462182 0.466254060586155 0.186227495590463
"479" 2.78 0.261403389916084 0.0854495027578166 0.467612445546336 0.185534661779764
"480" 2.79 0.259989436356327 0.0862086641852375 0.468956086513534 0.184845812944901
"481" 2.8 0.258582836895611 0.0869712491824388 0.470284946120117 0.184160967801833
"482" 2.81 0.257183616085448 0.0877372503987807 0.471598989110387 0.183480144405384
"483" 2.82 0.255791797049337 0.0885066604796944 0.472898182314342 0.182803360156627
"484" 2.83 0.25440740150117 0.0892794720672717 0.474182494621166 0.182130631810393
"485" 2.84 0.253030449763822 0.0900556778007719 0.475451896952482 0.181461975482924
"486" 2.85 0.251660960787926 0.0908352703170493 0.476706362235384 0.180797406659641
"487" 2.86 0.250298952170802 0.0916182422509004 0.477945865375267 0.18013694020303
"488" 2.87 0.248944440175537 0.092404586235334 0.479170383228487 0.179480590360642
"489" 2.88 0.247597439750195 0.0931942949017623 0.480379894574856 0.178828370773186
"490" 2.89 0.246257964547153 0.0939873608801158 0.481574380090003 0.178180294482728
"491" 2.9 0.244926026942531 0.0947837767988815 0.482753822317614 0.177536373940973
"492" 2.91 0.243601638055724 0.0955835352850673 0.483918205641579 0.17689662101763
"493" 2.92 0.24228480776901 0.096386628964091 0.485067516258049 0.17626104700885
"494" 2.93 0.24097554474722 0.0971930504595977 0.486201742147437 0.175629662645745
"495" 2.94 0.239673856457468 0.0980027923932039 0.487320873046373 0.175002478102955
"496" 2.95 0.238379749188919 0.098815847384171 0.488424900419627 0.174379503007283
"497" 2.96 0.23709322807259 0.0996322080490097 0.489513817432022 0.173760746446378
"498" 2.97 0.235814297101166 0.100451867001014 0.490587618920357 0.173146216977463
"499" 2.98 0.234542959148826 0.101274816849728 0.491646301365341 0.172535922636105
"500" 2.99 0.233279215991062 0.102101050200349 0.492689862863572 0.171929870945018
"501" 3 0.232023068324492 0.102930559653058 0.493718303099554 0.171328068922896
"502" 3.01 0.230774515786641 0.103763337802292 0.494731623317797 0.17073052309327
"503" 3.02 0.229533556975688 0.104599377235954 0.495729826294976 0.170137239493382
"504" 3.03 0.228300189470178 0.105438670534553 0.496712916312193 0.169548223683076
"505" 3.04 0.22707440984867 0.106281210270292 0.497680899127344 0.168963480753694
"506" 3.05 0.22585621370933 0.107126989006088 0.498633781947598 0.168383015336984
"507" 3.06 0.224645595689455 0.107975999294545 0.499571573402006 0.167806831613995
"508" 3.07 0.22344254948491 0.108828233676852 0.500494283514256 0.167234933323983
"509" 3.08 0.222247067869486 0.109683684681643 0.501401923675576 0.166667323773294
"510" 3.09 0.221059142714163 0.110542344823792 0.502294506617799 0.166104005844247
"511" 3.1 0.219878765006264 0.111404206603154 0.503172046386598 0.165544982003984
"512" 3.11 0.218705924868507 0.112269262503254 0.504034558314918 0.164990254313321
"513" 3.12 0.217540611577941 0.113137504989933 0.504882058996577 0.16443982443555
"514" 3.13 0.21638281358475 0.114008926509926 0.50571456626009 0.163893693645234
"515" 3.14 0.215232518530942 0.11488351948941 0.506532099142691 0.163351862836957
"516" 3.15 0.214089713268891 0.115761276332492 0.50733467786457 0.162814332534046
"517" 3.16 0.212954383879748 0.116642189419651 0.50812232380335 0.162281102897251
"518" 3.17 0.211826515691694 0.117526251106142 0.50889505946878 0.161752173733384
"519" 3.18 0.210706093298057 0.118413453720347 0.509652908477677 0.161227544503919
"520" 3.19 0.209593100575257 0.119303789562086 0.510395895529117 0.16070721433354
"521" 3.2 0.2084875207006 0.120197250900889 0.511124046379872 0.160191182018639
"522" 3.21 0.207389336169906 0.121093829974223 0.511837387820109 0.159679446035762
"523" 3.22 0.206298528814961 0.121993518985678 0.512535947649353 0.159172004550008
"524" 3.23 0.205215079820802 0.122896310103121 0.51321975465272 0.158668855423357
"525" 3.24 0.20413896974282 0.123802195456804 0.513888838577425 0.158169996222952
"526" 3.25 0.203070178523684 0.124711167137443 0.514543230109564 0.157675424229309
"527" 3.26 0.202008685510082 0.125623217194257 0.515182960851187 0.157185136444473
"528" 3.27 0.200954469469275 0.126538337632974 0.51580806329765 0.1566991296001
"529" 3.28 0.199907508605455 0.127456520413806 0.51641857081526 0.156217400165478
"530" 3.29 0.198867780575917 0.128377757449388 0.517014517619218 0.155739944355476
"531" 3.3 0.197835262507034 0.129302040602689 0.517595938751854 0.155266758138423
"532" 3.31 0.196809931010035 0.130229361684891 0.518162870061157 0.154797837243917
"533" 3.32 0.195791762196579 0.131159712453244 0.51871534817962 0.154333177170556
"534" 3.33 0.194780731694138 0.132093084608886 0.519253410503376 0.153872773193601
"535" 3.34 0.193776814661163 0.133029469794639 0.519777095171643 0.153416620372556
"536" 3.35 0.192779985802061 0.133968859592784 0.52028644104648 0.152964713558676
"537" 3.36 0.191790219381952 0.134911245522804 0.520781487692848 0.152517047402396
"538" 3.37 0.190807489241232 0.135856619039105 0.521262275358984 0.152073616360678
"539" 3.38 0.189831768809918 0.136804971528721 0.521728844957079 0.151634414704282
"540" 3.39 0.18886303112179 0.137756294308983 0.522181238044274 0.151199436524954
"541" 3.4 0.187901248828321 0.138710578625183 0.522619496803964 0.150768675742532
"542" 3.41 0.186946394212403 0.139667815648207 0.523043664027416 0.150342126111974
"543" 3.42 0.185998439201853 0.140627996472152 0.523453783095698 0.149919781230297
"544" 3.43 0.185057355382717 0.141591112111925 0.523849897961918 0.14950163454344
"545" 3.44 0.184123114012362 0.142557153500827 0.524232053133775 0.149087679353036
"546" 3.45 0.183195686032352 0.143526111488115 0.524600293656423 0.14867790882311
"547" 3.46 0.182275042081123 0.144497976836554 0.524954665095644 0.148272315986679
"548" 3.47 0.18136115250644 0.145472740219951 0.525295213521328 0.147870893752281
"549" 3.48 0.18045398737765 0.146450392220674 0.52562198549126 0.147473634910416
"550" 3.49 0.17955351649772 0.147430923327163 0.525935028035224 0.147080532139893
"551" 3.5 0.178659709415073 0.148414323931426 0.526234388639394 0.146691578014107
"552" 3.51 0.177772535435212 0.149400584326516 0.52652011523105 0.146306765007223
"553" 3.52 0.176891963632139 0.150389694704013 0.526792256163577 0.145926085500272
"554" 3.53 0.176017962859567 0.151381645151482 0.527050860201779 0.145549531787172
"555" 3.54 0.175150501761927 0.152376425649928 0.527295976507484 0.145177096080662
"556" 3.55 0.174289548785171 0.153374026071243 0.527527654625445 0.144808770518141
"557" 3.56 0.173435072187375 0.154374436175641 0.52774594446954 0.144444547167444
"558" 3.57 0.172587040049135 0.155377645609091 0.527950896309262 0.144084418032513
"559" 3.58 0.171745420283765 0.15638364390074 0.528142560756495 0.143728375059
"560" 3.59 0.170910180647303 0.157392420460332 0.528320988752583 0.143376410139781
"561" 3.6 0.170081288748304 0.158403964575623 0.528486231555683 0.143028515120389
"562" 3.61 0.169258712057457 0.159418265409788 0.528638340728392 0.142684681804363
"563" 3.62 0.168442417916987 0.160435311998826 0.528777368125666 0.142344901958521
"564" 3.63 0.167632373549883 0.161455093248966 0.528903365883005 0.142009167318146
"565" 3.64 0.166828546068921 0.162477597934065 0.529016386404918 0.141677469592096
"566" 3.65 0.166030902485507 0.163502814693006 0.529116482353654 0.141349800467834
"567" 3.66 0.165239409718326 0.164530732027094 0.529203706638204 0.141026151616375
"568" 3.67 0.16445403460181 0.165561338297457 0.529278112403569 0.140706514697164
"569" 3.68 0.163674743894419 0.166594621722435 0.529339753020282 0.140390881362864
"570" 3.69 0.162901504286741 0.167630570374984 0.529388682074198 0.140079243264077
"571" 3.7 0.162134282409415 0.168669172180067 0.529424953356532 0.139771592053986
"572" 3.71 0.161373044840871 0.169710414912061 0.52944862085415 0.139467919392917
"573" 3.72 0.160617758114897 0.170754286192152 0.529459738740115 0.139168216952837
"574" 3.73 0.159868388728033 0.17180077348574 0.529458361364464 0.138872476421763
"575" 3.74 0.159124903146789 0.172849864099851 0.529444543245245 0.138580689508116
"576" 3.75 0.158387267814697 0.173901545180541 0.529418339059776 0.138292847944986
"577" 3.76 0.157655449159197 0.174955803710317 0.529379803636149 0.138008943494337
"578" 3.77 0.156929413598349 0.176012626505554 0.529328991944961 0.137728967951136
"579" 3.78 0.156209127547391 0.177072000213917 0.529265959091274 0.137452913147418
"580" 3.79 0.15549455742513 0.178133911311797 0.529190760306801 0.137180770956272
"581" 3.8 0.154785669660176 0.179198346101742 0.52910345094231 0.136912533295772
"582" 3.81 0.154082430697019 0.180265290709901 0.529004086460248 0.136648192132832
"583" 3.82 0.153384807001951 0.181334731083474 0.528892722427576 0.136387739486999
"584" 3.83 0.152692765068834 0.182406652988168 0.528769414508819 0.136131167434179
"585" 3.84 0.152006271424718 0.183481042005663 0.528634218459316 0.135878468110303
"586" 3.85 0.151325292635314 0.184557883531081 0.528487190118683 0.135629633714922
"587" 3.86 0.150649795310318 0.185637162770467 0.528328385404462 0.135384656514753
"588" 3.87 0.149979746108589 0.186718864738282 0.528157860305983 0.135143528847146
"589" 3.88 0.149315111743192 0.187802974254899 0.5279756708784 0.134906243123509
"590" 3.89 0.148655858986293 0.18888947594411 0.527781873236935 0.134672791832661
"591" 3.9 0.148001954673925 0.18997835423065 0.527576523551292 0.134443167544133
"592" 3.91 0.147353365710614 0.191069593337717 0.527359678040261 0.134217362911408
"593" 3.92 0.146710059073872 0.192163177284519 0.527131392966498 0.13399537067511
"594" 3.93 0.146072001818563 0.19325908988382 0.526891724631485 0.133777183666132
"595" 3.94 0.145439161081138 0.1943573147395 0.526640729370651 0.133562794808712
"596" 3.95 0.14481150408374 0.195457835244133 0.526378463548671 0.133352197123456
"597" 3.96 0.144188998138192 0.196560634576569 0.526104983554928 0.133145383730311
"598" 3.97 0.14357161064986 0.197665695699528 0.525820345799131 0.132942347851481
"599" 3.98 0.142959309121391 0.198773001357219 0.525524606707096 0.132743082814295
"600" 3.99 0.142352061156341 0.19988253407295 0.525217822716679 0.13254758205403
"601" 4 0.141749834462683 0.200994276146775 0.524900050273863 0.13235583911668
"602" 4.01 0.1411525968562 0.202108209653136 0.524571345828987 0.132167847661677
"603" 4.02 0.140560316263771 0.203224316438527 0.524231765833129 0.131983601464573
"604" 4.03 0.139972960726541 0.204342578119175 0.523881366734617 0.131803094419667
"605" 4.04 0.13939049840299 0.205462976078723 0.523520204975693 0.131626320542593
"606" 4.05 0.138812897571892 0.206585491465944 0.5231483369893 0.131453273972864
"607" 4.06 0.138240126635171 0.207710105192454 0.522765819196004 0.13128394897637
"608" 4.07 0.137672154120657 0.20883679793045 0.522372708001051 0.131118339947842
"609" 4.08 0.13710894868474 0.209965550110459 0.521969059791537 0.130956441413263
"610" 4.09 0.136550479114931 0.211096341919108 0.521554930933708 0.130798248032253
"611" 4.1 0.135996714332318 0.212229153296896 0.521130377770385 0.130643754600401
"612" 4.11 0.135447623393939 0.213363963936 0.520695456618488 0.130492956051573
"613" 4.12 0.134903175495054 0.214500753278085 0.520250223766691 0.13034584746017
"614" 4.13 0.134363339971335 0.215639500512131 0.519794735473173 0.130202424043362
"615" 4.14 0.133828086300955 0.216780184572282 0.519329047963489 0.130062681163274
"616" 4.15 0.133297384106607 0.217922784135708 0.518853217428536 0.129926614329149
"617" 4.16 0.132771203157426 0.219067277620484 0.51836730002262 0.12979421919947
"618" 4.17 0.132249513370829 0.220213643183486 0.517871351861633 0.129665491584052
"619" 4.18 0.131732284814279 0.221361858718306 0.517365429021311 0.129540427446104
"620" 4.19 0.131219487706968 0.222511901853183 0.516849587535594 0.129419022904255
"621" 4.2 0.130711092421415 0.223663749948953 0.516323883395076 0.129301274234556
"622" 4.21 0.130207069485001 0.224817380097013 0.515788372545541 0.129187177872446
"623" 4.22 0.129707389581413 0.225972769117307 0.515243110886582 0.129076730414698
"624" 4.23 0.129212023552032 0.227129893556331 0.514688154270308 0.128969928621329
"625" 4.24 0.128720942397236 0.228288729685151 0.514123558500124 0.128866769417488
"626" 4.25 0.12823411727764 0.229449253497445 0.513549379329597 0.128767249895317
"627" 4.26 0.127751519515266 0.23061144070756 0.512965672461387 0.128671367315786
"628" 4.27 0.127273120594648 0.231775266748587 0.512372493546259 0.128579119110505
"629" 4.28 0.126798892163867 0.232940706770462 0.51176989818216 0.128490502883511
"630" 4.29 0.12632880603553 0.234107735638075 0.511157941913363 0.128405516413032
"631" 4.3 0.125862834187677 0.235276327929408 0.510536680229684 0.12832415765323
"632" 4.31 0.125400948764637 0.236446457933687 0.509906168565752 0.128246424735924
"633" 4.32 0.124943122077816 0.237618099649554 0.509266462300345 0.128172315972286
"634" 4.33 0.124489326606435 0.238791226783258 0.508617616755784 0.128101829854524
"635" 4.34 0.124039534998201 0.239965812746871 0.507959687197383 0.128034965057545
"636" 4.35 0.123593720069935 0.241141830656517 0.507292728832954 0.127971720440594
"637" 4.36 0.123151854808136 0.242319253330622 0.506616796812361 0.127912095048881
"638" 4.37 0.122713912369497 0.243498053288186 0.505931946227129 0.127856088115188
"639" 4.38 0.122279866081368 0.244678202747078 0.505238232110095 0.127803699061459
"640" 4.39 0.121849689442168 0.245859673622342 0.504535709435111 0.127754927500379
"641" 4.4 0.121423356121751 0.247042437524533 0.503824433116786 0.12770977323693
"642" 4.41 0.121000839961722 0.24822646575807 0.503104458010271 0.127668236269937
"643" 4.42 0.120582114975706 0.249411729319603 0.502375838911088 0.127630316793603
"644" 4.43 0.120167155349572 0.250598198896411 0.501638630554993 0.127596015199024
"645" 4.44 0.119755935441611 0.251785844864817 0.500892887617875 0.127565332075697
"646" 4.45 0.11934842978268 0.252974637288616 0.500138664715692 0.127538268213012
"647" 4.46 0.118944613076285 0.254164545917538 0.499376016404443 0.127514824601735
"648" 4.47 0.118544460198644 0.255355540185716 0.498604997180162 0.127495002435478
"649" 4.48 0.118147946198697 0.256547589210193 0.497825661478948 0.127478803112162
"650" 4.49 0.117755046298079 0.25774066178943 0.497038063677025 0.127466228235467
"651" 4.5 0.117365735891057 0.258934726401848 0.49624225809082 0.127457279616275
"652" 4.51 0.116979990544431 0.260129751204393 0.495438298977077 0.1274519592741
"653" 4.52 0.116597785997397 0.261325704031108 0.494626240532978 0.127450269438517
"654" 4.53 0.116219098161374 0.262522552391744 0.493806136896304 0.127452212550578
"655" 4.54 0.115843903119799 0.263720263470377 0.492978042145605 0.12745779126422
"656" 4.55 0.115472177127887 0.264918804124056 0.492142010300384 0.127467008447673
"657" 4.56 0.115103896612361 0.266118140881468 0.491298095321318 0.127479867184853
"658" 4.57 0.114739038171149 0.267318239941625 0.490446351110468 0.127496370776758
"659" 4.58 0.114377578573049 0.268519067172572 0.489586831511528 0.127516522742851
"660" 4.59 0.114019494757366 0.26972058811012 0.48871959031007 0.127540326822444
"661" 4.6 0.113664763833521 0.270922767956593 0.487844681233812 0.127567786976073
"662" 4.61 0.11331336308063 0.272125571579604 0.486962157952889 0.127598907386877
"663" 4.62 0.112965269947055 0.273328963510849 0.486072074080135 0.12763369246196
"664" 4.63 0.112620462049929 0.274532907944922 0.485174483171382 0.127672146833768
"665" 4.64 0.112278917174657 0.275737368738151 0.48426943872575 0.127714275361443
"666" 4.65 0.111940613274388 0.27694230940746 0.483356994185958 0.127760083132194
"667" 4.66 0.11160552846947 0.278147693129248 0.48243720293863 0.127809575462652
"668" 4.67 0.111273641046868 0.279353482738288 0.481510118314611 0.127862757900233
"669" 4.68 0.110944929459572 0.280559640726656 0.480575793589281 0.127919636224491
"670" 4.69 0.110619372325976 0.281766129242672 0.479634281982874 0.127980216448479
"671" 4.7 0.110296948429236 0.282972910089865 0.478685636660795 0.128044504820104
"672" 4.71 0.109977636716607 0.284179944725967 0.477729910733941 0.128112507823485
"673" 4.72 0.109661416298761 0.285387194261916 0.476767157259017 0.128184232180306
"674" 4.73 0.109348266449081 0.286594619460893 0.475797429238849 0.128259684851177
"675" 4.74 0.10903816660294 0.287802180737368 0.4748207796227 0.128338873036992
"676" 4.75 0.108731096356958 0.28900983815618 0.473837261306575 0.128421804180286
"677" 4.76 0.108427035468243 0.290217551431631 0.472846927133529 0.128508485966597
"678" 4.77 0.108125963853609 0.291425279926601 0.471849829893961 0.128598926325828
"679" 4.78 0.107827861588787 0.292632982651689 0.470846022325911 0.128693133433613
"680" 4.79 0.107532708907607 0.293840618264372 0.469835557115341 0.128791115712679
"681" 4.8 0.107240486201173 0.295048145068187 0.468818486896418 0.128892881834223
"682" 4.81 0.106951174017015 0.296255521011933 0.46779486425178 0.128998440719272
"683" 4.82 0.106664753058234 0.297462703688896 0.4667647417128 0.12910780154007
"684" 4.83 0.106381204182622 0.298669650336095 0.465728171759836 0.129220973721447
"685" 4.84 0.106100508401777 0.299876317833551 0.46468520682247 0.129337966942202
"686" 4.85 0.105822646880197 0.30108266270357 0.463635899279745 0.129458791136488
"687" 4.86 0.105547600934364 0.302288641110056 0.462580301460379 0.1295834564952
"688" 4.87 0.105275352031813 0.303494208857845 0.461518465642974 0.129711973467368
"689" 4.88 0.105005881790188 0.304699321392051 0.460450444056214 0.129844352761547
"690" 4.89 0.104739171976287 0.305903933797445 0.459376288879042 0.129980605347226
"691" 4.9 0.104475204505097 0.307108000797846 0.458296052240835 0.130120742456222
"692" 4.91 0.104213961438806 0.30831147675554 0.457209786221557 0.130264775584096
"693" 4.92 0.103955424985821 0.309514315670714 0.456117542851901 0.130412716491564
"694" 4.93 0.103699577499757 0.310716471180917 0.455019374113416 0.13056457720591
"695" 4.94 0.10344640147843 0.311917896560539 0.453915331938617 0.130720370022414
"696" 4.95 0.103195879562829 0.313118544720307 0.452805468211087 0.130880107505776
"697" 4.96 0.102947994536084 0.314318368206815 0.451689834765556 0.131043802491546
"698" 4.97 0.102702729322419 0.315517319202057 0.450568483387962 0.131211468087562
"699" 4.98 0.102460066986099 0.316715349523 0.449441465815508 0.131383117675393
"700" 4.99 0.102219990730368 0.317912410621161 0.448308833736692 0.131558764911779
"701" 5 0.101982483896375 0.319108453582216 0.44717063879132 0.131738423730088
"702" 5.01 0.101747529962091 0.320303429125628 0.446026932570511 0.131922108341771
"703" 5.02 0.101515112541219 0.32149728760429 0.444877766616675 0.132109833237817
"704" 5.03 0.101285215382096 0.322689979004197 0.443723192423482 0.132301613190225
"705" 5.04 0.101057822366584 0.323881452944139 0.442563261435806 0.132497463253471
"706" 5.05 0.100832917508955 0.325071658675402 0.441398025049659 0.132697398765984
"707" 5.06 0.100610484954767 0.326260545081508 0.4402275346121 0.132901435351625
"708" 5.07 0.100390508979735 0.327448060677962 0.439051841421132 0.133109588921171
"709" 5.08 0.100172973988586 0.32863415361203 0.437870996725577 0.133321875673807
"710" 5.09 0.0999578645139197 0.32981877166253 0.436685051724937 0.133538312098613
"711" 5.1 0.0997451652150507 0.331001862239646 0.435494057569235 0.133758914976069
"712" 5.11 0.0995348608768483 0.33218337238477 0.434298065358832 0.133983701379549
"713" 5.12 0.0993269364085694 0.333363248770353 0.433097126144243 0.134212688676835
"714" 5.13 0.0991213768426829 0.334541437699789 0.431891290925911 0.134445894531618
"715" 5.14 0.098918167333689 0.335717885107308 0.430680610653985 0.134683336905018
"716" 5.15 0.0987172931569313 0.336892536557905 0.429465136228066 0.134925034057097
"717" 5.16 0.0985187397074018 0.338065337247275 0.428244918496942 0.135171004548381
"718" 5.17 0.0983224924985401 0.339236232001778 0.427020008258302 0.13542126724138
"719" 5.18 0.0981285371610264 0.340405165278425 0.42579045625843 0.135675841302118
"720" 5.19 0.0979368594415677 0.341572081164883 0.424556313191891 0.135934746201658
"721" 5.2 0.0977474452016785 0.342736923379503 0.423317629701186 0.136198001717633
"722" 5.21 0.0975602804164549 0.343899635271364 0.422074456376401 0.13646562793578
"723" 5.22 0.0973753511733432 0.345060159820353 0.420826843754829 0.136737645251475
"724" 5.23 0.097192643670902 0.346218439637248 0.419574842320585 0.137014074371265
"725" 5.24 0.0970121442175586 0.347374416963836 0.418318502504199 0.137294936314407
"726" 5.25 0.0968338392303603 0.34852803367305 0.417057874682184 0.137580252414406
"727" 5.26 0.0966577152337181 0.349679231269126 0.415793009176604 0.137870044320552
"728" 5.27 0.096483758858147 0.350827950887782 0.414523956254614 0.138164333999457
"729" 5.28 0.0963119568389984 0.351974133296424 0.413250766127987 0.13846314373659
"730" 5.29 0.0961422960151882 0.353117718894369 0.411973488952624 0.138766496137819
"731" 5.3 0.0959747633279184 0.354258647713092 0.410692174828052 0.139074414130938
"732" 5.31 0.0958093458193935 0.355396859416501 0.409406873796901 0.139386920967205
"733" 5.32 0.0956460306315314 0.35653229330123 0.408117635844369 0.13970404022287
"734" 5.33 0.0954848050046673 0.357664888296952 0.406824510897677 0.140025795800703
"735" 5.34 0.0953256562762536 0.358794582966728 0.405527548825499 0.14035221193152
"736" 5.35 0.0951685718795533 0.359921315507366 0.404226799437384 0.140683313175696
"737" 5.36 0.0950135393423277 0.361045023749811 0.402922312483171 0.141019124424691
"738" 5.37 0.0948605462855182 0.362165645159561 0.40161413765237 0.141359670902551
"739" 5.38 0.0947095804219229 0.363283116837103 0.400302324573558 0.141704978167416
"740" 5.39 0.0945606295548673 0.364397375518379 0.398986922813734 0.142055072113021
"741" 5.4 0.0944136815768681 0.365508357575267 0.397667981877684 0.142409978970181
"742" 5.41 0.094268724468293 0.366615999016106 0.396345551207323 0.142769725308278
"743" 5.42 0.0941257462960134 0.367720235486227 0.395019680181022 0.143134338036738
"744" 5.43 0.0939847352120512 0.368821002268524 0.393690418112936 0.143503844406489
"745" 5.44 0.0938456794522199 0.369918234284044 0.392357814252312 0.143878272011424
"746" 5.45 0.0937085673347596 0.371011866092611 0.391021917782788 0.144257648789841
"747" 5.46 0.0935733872589663 0.372101831893474 0.389682777821682 0.144642003025878
"748" 5.47 0.0934401277038141 0.373188065525976 0.388340443419275 0.145031363350935
"749" 5.48 0.0933087772265716 0.37427050047027 0.386994963558082 0.145425758745076
"750" 5.49 0.0931793244614132 0.375349069848043 0.385646387152114 0.145825218538429
"751" 5.5 0.0930517581180215 0.376423706423286 0.384294763046134 0.146229772412558
"752" 5.51 0.0929260669801861 0.377494342603083 0.382940140014902 0.146639450401829
"753" 5.52 0.0928022399043936 0.378560910438438 0.381582566762417 0.147054282894752
"754" 5.53 0.0926802658184123 0.379623341625128 0.380222091921151 0.147474300635308
"755" 5.54 0.09256013371987 0.380681567504596 0.378858764051275 0.147899534724259
"756" 5.55 0.0924418326748244 0.381735519064865 0.377492631639878 0.148330016620432
"757" 5.56 0.092325351816328 0.382785126941496 0.37612374310019 0.148765778141986
"758" 5.57 0.0922106803429846 0.383830321418572 0.374752146770786 0.149206851467657
"759" 5.58 0.0920978075174994 0.384871032429724 0.3733778909148 0.149653269137976
"760" 5.59 0.0919867226652221 0.385907189559185 0.372001023719128 0.150105064056465
"761" 5.6 0.091877415172683 0.386938722042888 0.370621593293623 0.150562269490806
"762" 5.61 0.0917698744861209 0.387965558769596 0.369239647670303 0.151024919073981
"763" 5.62 0.0916640901100041 0.388987628282068 0.367855234802541 0.151493046805387
"764" 5.63 0.0915600516055447 0.390004858778274 0.366468402564261 0.151966687051921
"765" 5.64 0.0914577485892032 0.391017178112637 0.365079198749135 0.152445874549025
"766" 5.65 0.0913571707311877 0.392024513797323 0.363687671069775 0.152930644401714
"767" 5.66 0.0912583077539437 0.393026793003576 0.362293867156929 0.153421032085551
"768" 5.67 0.0911611494306365 0.394023942563085 0.360897834558672 0.153917073447607
"769" 5.68 0.0910656855836256 0.395015888969405 0.359499620739607 0.154418804707362
"770" 5.69 0.0909719060829303 0.396002558379421 0.358099273080063 0.154926262457586
"771" 5.7 0.0908798008446886 0.396983876614851 0.356696838875292 0.155439483665169
"772" 5.71 0.0907893598296056 0.397959769163806 0.355292365334678 0.155958505671911
"773" 5.72 0.0907005730413949 0.398930161182393 0.353885899580942 0.156483366195271
"774" 5.73 0.0906134305252111 0.399894977496367 0.352477488649355 0.157014103329067
"775" 5.74 0.0905279223660735 0.40085414260284 0.351067179486953 0.157550755544133
"776" 5.75 0.0904440386872802 0.401807580672035 0.349655018951763 0.158093361688921
"777" 5.76 0.0903617696488149 0.402755215549097 0.348241053812029 0.158641960990059
"778" 5.77 0.0902811054457432 0.403696970755961 0.346825330745444 0.159196593052853
"779" 5.78 0.0902020363066004 0.404632769493273 0.345407896338397 0.15975729786173
"780" 5.79 0.09012455249177 0.405562534642375 0.34398879708522 0.160324115780635
"781" 5.8 0.0900486442918526 0.406486188767339 0.342568079387448 0.16089708755336
"782" 5.81 0.0899743020260256 0.407403654117075 0.341145789553083 0.161476254303817
"783" 5.82 0.0899015160403933 0.408314852627494 0.339721973795871 0.162061657536242
"784" 5.83 0.0898302767063264 0.409219705923736 0.338296678234592 0.162653339135345
"785" 5.84 0.089760574418794 0.41011813532247 0.336869948892352 0.163251341366384
"786" 5.85 0.0896923995946828 0.411010061834253 0.335441831695894 0.163855706875171
"787" 5.86 0.0896257426711085 0.411895406165968 0.334012372474918 0.164466478688006
"788" 5.87 0.0895605941037163 0.412774088723328 0.332581616961414 0.165083700211542
"789" 5.88 0.0894969443649711 0.413646029613458 0.331149610789003 0.165707415232567
"790" 5.89 0.0894347839424381 0.414511148647551 0.329716399492301 0.16633766791771
"791" 5.9 0.0893741033370519 0.415369365343595 0.328282028506288 0.166974502813065
"792" 5.91 0.0893148930613767 0.416220598929197 0.326846543165696 0.16761796484373
"793" 5.92 0.0892571436378545 0.417064768344472 0.325409988704411 0.168268099313263
"794" 5.93 0.0892008455970442 0.417901792245023 0.323972410254891 0.168924951903041
"795" 5.94 0.0891459894758483 0.41873158900501 0.322533852847603 0.169588568671538
"796" 5.95 0.089092565815731 0.419554076720305 0.321094361410467 0.170258996053498
"797" 5.96 0.0890405651609234 0.420369173211737 0.319653980768327 0.170936280859013
"798" 5.97 0.0889899780566196 0.421176796028434 0.31821275564244 0.171620470272506
"799" 5.98 0.0889407950471607 0.421976862451261 0.316770730649973 0.172311611851606
"800" 5.99 0.0888930066742088 0.42276928949635 0.31532795030353 0.173009753525911
"801" 6 0.0888466034749091 0.423553993918744 0.313884459010693 0.173714943595653
